4
0 1 2 3
6
0 0 0
1 0 1
2 2 1
3 2 2
4 0 0
5 1 3
8
0 3 2 0 1
1 0 2 1 2
2 4 2 2 3
3 3 2 3 4
4 0 2 4 5
5 3 2 5 0
6 3 2 1 4
7 3 2 0 2

0 2.0 0.0 0.0 0.0 0.0 0.0
1 1.0000000000000002 1.7320508075688772 0.0 0.0 0.0 0.0
2 -0.9999999999999996 1.7320508075688774 0.0 -0.8268017169407187 0.2725197601809501 0.4920690004204666
3 -2.0 2.4492935982947064e-16 0.0 0.572594096284043 0.2905516713837252 0.7666261978022821
4 -1.0000000000000009 -1.732050807568877 0.0 0.0 0.0 0.0
5 0.7458702903029633 -1.8753448645440307 0.9879415646826087 1.2541297096970372 -1.5887567505937237 -0.9879415646826087

0 2.0
1 0.0
2 90.974518
3 2.0
4 0.0
5 2.462882
6 4.0
7 3.464102
