5
0 1 2 3 4
5
0 0 0
1 1 1
2 0 2
3 0 3
4 1 4
7
0 3 2 0 1
1 0 2 1 2
2 0 2 2 3
3 0 2 3 4
4 0 2 4 0
5 1 2 1 4
6 3 2 0 3

0 2.0 0.0 0.0 0.0 0.0 0.0
1 0.7827405325593172 1.8265307769472352 -0.6519474450388583 0.4533274449404726 1.977695288233379 0.6519474450388583
2 -1.6180339887498947 1.1755705045849465 0.0 0.0 0.0 0.0
3 -1.618033988749895 -1.175570504584946 0.0 0.0 0.0 0.0
4 0.8278419971758263 -1.5426348084875485 0.29264171085236773 0.4082259803239626 -2.261591256693066 -0.29264171085236773

0 2.289753
1 0.0
2 0.0
3 0.0
4 0.0
5 0.0
6 3.804226
