5
0 1 2 3 4
5
0 0 0
1 0 2
2 0 3
3 0 4
4 1 1
8
0 0 2 0 1
1 3 2 1 2
2 0 2 2 3
3 3 2 3 4
4 3 2 4 0
5 3 2 1 4
6 3 2 2 4
7 3 2 1 3

0 2.0 0.0 0.0 0.0 0.0 0.0
1 0.6180339887498949 1.902113032590307 0.0 0.0 0.0 0.0
2 -1.6180339887498947 1.1755705045849465 0.0 0.0 0.0 0.0
3 -1.618033988749895 -1.175570504584946 0.0 0.0 0.0 0.0
4 0.03196559117914621 -2.2236641790119047 0.20113370689574547 1.2041023863206428 -1.5805618861687099 -0.20113370689574547

0 0.0
1 2.351141
2 0.0
3 1.965058
4 2.976289
5 4.172046
6 3.78388
7 3.804226
